0.8725903889325671 0.0456932206727939
0.8820159469570357 0.04819741726699672
0.871393507748256 0.04796906098590786
0.8608243951376703 0.05735478092301118
0.865959118875218 0.04682192131007918
0.862689739255932 0.05325490476020131
0.8685749007098954 0.05113428252190592
0.8811037722166463 0.05124741382573352
0.861120299332582 0.06363060104957206
0.8767651656432588 0.048600688601312156
0.8845327644122243 0.04428083909926764
0.8597521450703853 0.05282689276311335
0.8689213520816823 0.058654287725533515
0.8791964529339483 0.04918999261038049
0.859506706988952 0.055011372317527896
0.8706841363955217 0.05034759903583219
0.8850803652994801 0.04579742611466462
0.8774484115705746 0.04675069004245035
0.8350154588293525 0.06993399032531522
0.8812926025407022 0.0461498249621096
0.880184397280391 0.04796669371309012
0.836122745657631 0.06581679543725373
0.8723067046888995 0.048928521449664
0.8559288209423243 0.05592117848046583
0.8798521934527425 0.048745920551677105
0.8528671059165797 0.05985875696798663
0.8658774804427903 0.0494732585454328
0.8365159745826949 0.07263384009591081
0.878752320166545 0.049164296574970096
0.8763209826576235 0.04833147817510293
0.8593657091099336 0.05351052492758232
0.8782294814137809 0.049489890544050896
0.8550466266901449 0.05811883711723829
0.860392915478923 0.05336095791380548
0.882640450343673 0.04404023247498179
0.8723624918395811 0.048357102619489646
0.8732672561543037 0.05454373802524396
0.8789941147110538 0.04815147942679533
0.8488716064762138 0.06268459213502317
0.8442421778379494 0.054029075704748755
0.8578985079932534 0.056216429760391935
0.8586581976319876 0.057110389416958174
0.8653194706218861 0.05346661797976371
0.8459129878445777 0.05951443887600685
0.8666081539788423 0.049645125484392275
0.8562304550919009 0.052430519104436794
0.8787474482663062 0.04778520619520636
0.878850371393555 0.051926096135587484
0.8642316533188282 0.05143523319620788
0.865402999651104 0.05374354904585751
0.8796384170148341 0.049827718351291635
0.8663253683326966 0.052479405417248694
0.8654963001886988 0.05231053298048631
0.8709551943931065 0.051136432610402766
0.8810983227938649 0.04618568660746532
0.8555175230151219 0.05441014668960465
0.885501724654647 0.044845622611625856
0.8608779889978674 0.04901624758613919
0.8862758715194669 0.043266638702595665
0.8702608792911759 0.054234421022813166
0.8678091426387875 0.052133020411007515
0.8817784499697187 0.04648276803763827
0.8699444247653523 0.05017641020517041
0.8689110619919908 0.05089958198456812
0.8764066500690806 0.045784239708978866
0.8739292935978984 0.046814133022488144
0.8687021402046141 0.05279702481246798
0.8731092556388035 0.051078513090218255
0.8696757707842747 0.04996358079388842
0.8814114704786051 0.04674460187886459
0.8571290619685678 0.054527802097411586
0.8650915568414851 0.05262627422572864
0.87546192098175 0.04479290138631362
0.8721606890499254 0.048487685437030775
0.8608525131149584 0.05480628051360802
0.8479605020558364 0.05762637624650948
0.8751376871728126 0.0478152675788102
0.8751444068949609 0.05220340028424903
0.8702032169511985 0.05706251081851923
0.8647392750789346 0.04739186125219933
0.8678984876754335 0.04880864500100923
0.8549846717270754 0.06046475055078616
0.8587648277673476 0.05457402285652854
0.8536327993540179 0.052472825663439714
0.8692663087691453 0.050908471321748035
0.8668760388735334 0.050523201389368465
0.8722577862435718 0.04710494793109403
0.8558445414401421 0.05870748041780148
0.8671711356297015 0.051745152438850056
0.8467102516757501 0.05865748525972782
0.8734872095120778 0.05185617963104739
0.8490595804360509 0.06294809305713094
0.8579537237683506 0.050250398622261605
