0.8627447095083433 0.048909034645003194
0.8828476631448642 0.04944860398403288
0.8778439584483609 0.0473583149058881
0.8591745077717643 0.05847468075208402
0.8629039427243462 0.05092275065972665
0.8543437932187367 0.05719921738090207
0.8633599249921525 0.05330318088720448
0.8786749527877408 0.05229507774419765
0.8563809389132777 0.06516061321648613
0.8717677111406943 0.05058434333866573
0.8857114252200191 0.04460147194449349
0.8563611209127276 0.05589465267419143
0.8733183171659586 0.0554963834229086
0.8798631911146163 0.04902184168598628
0.8639297926977146 0.052968666919637954
0.8674558377009338 0.05123174447012816
0.8822800683678943 0.04708864346923386
0.8741482232618291 0.04849287680186003
0.8391405396415512 0.06708053021901449
0.872060426128882 0.04910919790802746
0.8778568333477871 0.04742854580535032
0.8412532087485601 0.06448782748212253
0.8638455661366333 0.052262070055327105
0.8461151423330078 0.05860728831080752
0.8784711543109915 0.049385704853949705
0.8526957634801529 0.06036666779848615
0.8701147347151351 0.04897377447471318
0.8317350046402832 0.07644256271301653
0.8746792691616901 0.050248713373833374
0.8680402113206742 0.05040256049355467
0.8561398216527597 0.05380748277752242
0.8811297790312823 0.04806603426984649
0.8608749618984295 0.050612882459565155
0.8556824886519651 0.0527078177395078
0.8856277826115196 0.04284799638321478
0.8676005261978189 0.04730718529206439
0.8716356740544485 0.05430040621044695
0.879564923905096 0.049333021441026796
0.8542163794299515 0.058194489528035534
0.8450351635875252 0.053249419353650435
0.8621075661625499 0.052867959035190565
0.8577015992779181 0.06309343659818119
0.8670483041074556 0.05267916533363706
0.8476766122177531 0.05853203266750699
0.8587662211257275 0.0523186155000829
0.8631462347821598 0.05203782059892223
0.8828154114595742 0.04562315029415765
0.8792307298164862 0.05125252425419559
0.8539543259565633 0.053875488539546317
0.8652386407951334 0.05555998844675495
0.8746302419396469 0.04988811039860978
0.8676462146245058 0.05405792190341045
0.8659965117798849 0.051883839897623255
0.8700656454391548 0.05059543656990448
0.8806313966446526 0.04519807086718763
0.8587040312976403 0.05001006991350051
0.8851835913346454 0.04476678247623027
0.8637284879522805 0.04959437496445401
0.8831388919277152 0.045007652590923986
0.8673517214855279 0.05493888862884294
0.8665876969995886 0.05370490493782163
0.877895486120593 0.04934430049834662
0.8670988604884974 0.05182513753864949
0.8668281422856177 0.052234515137699424
0.8768417866338901 0.04650221795011452
0.8735894393365956 0.04836543421271665
0.863951049184668 0.05341263854299049
0.8712472401433853 0.05097528183040949
0.8671244635627804 0.05058826015607712
0.8807871147288251 0.046944322847681526
0.8622945312013856 0.05413897029409205
0.8668970101636028 0.05208100400585358
0.8801914784030122 0.04328354652177377
0.8648670194628075 0.0496957633467248
0.8599216118076768 0.055952601860313464
0.8507390828812201 0.05749174253437886
0.8674795527904803 0.04909786974159212
0.867482248711766 0.05714659169221423
